4 5
0.000000 1.382609
1.171875 -0.092174
2.240233 0.276522
4.882031 -0.000000
6.882031 -0.000000
9.466016 0.516174
11.466016 0.516174
13.466040 0.516174
12.998047 -0.239652
20.000000 0.000000
0.000000 0.000000
0.000000 0.000000
0.000000 0.000000
0.000000 0.000000
0.000000 0.000000
0.000000 0.000000
0.000000 0.000000
3.055859 0.682087
2.794922 0.202783
3.117969 -0.000001
5.138672 -0.000001
10.062110 -0.000001
12.372657 -0.276522
14.641797 0.571478
16.000000 0.000000
20.000000 0.000000
0.000000 0.000000
0.000000 0.000000
0.000000 0.000000
0.000000 0.000000
0.000000 0.000000
0.000000 0.000000
0.000000 0.000000
1.689453 -0.516174
0.439062 -0.737391
2.439062 -0.737391
3.735152 2.000000
4.658593 1.013913
6.451561 -0.036870
8.451562 -0.036870
16.000000 0.000000
20.000000 0.000000
0.000000 0.000000
0.000000 0.000000
0.000000 0.000000
0.000000 0.000000
0.000000 0.000000
0.000000 0.000000
0.000000 1.290435
0.198829 3.290434
5.772266 1.013913
5.772266 -1.401043
6.426561 -0.424000
10.000000 0.018435
12.000000 0.018435
14.000000 0.018435
14.000000 1.106088
14.000000 -0.755826
-6.000000 -0.755826
0.000000 1.345739
0.000000 0.000000
0.000000 0.000000
0.000000 0.000000
0.000000 0.000000
