4 5
0.000000 1.382609
1.171875 -0.092174
2.240233 0.276522
4.882031 -0.000000
6.882031 -0.000000
9.192578 0.571478
11.192578 0.571478
15.374610 -0.276522
14.484376 0.036870
20.000000 0.000000
0.000000 0.000000
0.000000 0.000000
0.000000 0.000000
0.000000 0.000000
0.000000 0.000000
0.000000 0.000000
0.000000 0.000000
3.055859 0.682087
2.794922 0.202783
3.117969 -0.000001
5.117969 -0.000001
6.397658 -0.018435
12.331250 -0.036870
16.525776 -0.553043
12.331250 0.202783
20.000000 0.000000
0.000000 0.000000
0.000000 0.000000
0.000000 0.000000
0.000000 0.000000
0.000000 0.000000
0.000000 0.000000
0.000000 0.000000
1.689453 -0.516174
0.439062 -0.737391
2.439062 -0.737391
3.735152 2.000000
4.658593 1.013913
6.451561 -0.036870
15.697656 0.479304
9.685547 1.069217
20.000000 0.000000
0.000000 0.000000
0.000000 0.000000
0.000000 0.000000
0.000000 0.000000
0.000000 0.000000
0.000000 0.000000
0.000000 1.198261
0.198829 3.198260
5.772266 1.013913
5.772266 -1.401043
6.426561 -0.424000
10.062109 -0.239652
12.062109 -0.239652
19.751564 0.387131
19.602343 0.331826
20.000000 0.000000
0.000000 0.000000
0.000000 0.000000
0.000000 0.000000
0.000000 0.000000
0.000000 0.000000
0.000000 0.000000
